<svg
    version="1.1"
    id="Layer_1"
    xmlns="http://www.w3.org/2000/svg"
    xmlns:xlink="http://www.w3.org/1999/xlink"
    x="0px"
    y="0px"
    width="100%"
    viewBox="0 0 700 200"
    enable-background="new 0 0 700 220"
    xml:space="preserve"
>
    <text
        x="0"
        y="180"
        font-family="var(--font-bauhaus)"
        font-size="200"
        font-weight="normal"
        fill="currentColor"
        class="logo-text"
        text-anchor="start"
    >
        Frii<tspan font-weight="100">Goo</tspan>
    </text>

    <!-- Aeroplane -->
    <path
        transform="translate(134,18) scale(.38) translate(-55,-55)"
        class="plane"
        fill="currentColor"
        opacity="1.0"
        stroke="none"
        d="
M79.115387,146.089355 
	C76.409531,154.352570 71.080002,161.299545 67.810616,169.380295 
	C60.746704,186.839752 56.719360,204.752792 56.097332,223.515640 
	C55.670902,236.378632 56.993973,249.155746 59.669971,261.632690 
	C61.393539,269.668854 64.030403,277.617249 67.124168,285.382141 
	C73.799026,302.135040 83.738029,316.813263 95.308464,330.352386 
	C103.168251,339.549469 112.392929,347.452271 122.521370,354.266724 
	C137.259018,364.182220 153.042740,371.880737 170.250427,376.135223 
	C186.615738,380.181458 203.269516,381.631592 220.228195,380.069458 
	C249.353928,377.386597 275.193970,367.283264 298.058594,348.845337 
	C316.171631,334.239014 330.228027,316.635559 339.917603,295.672638 
	C350.951385,271.801666 354.577271,246.719116 351.978638,220.399704 
	C349.583710,196.143280 341.851593,174.042648 328.611572,153.837662 
	C320.007355,140.707138 309.424408,129.325684 296.997620,119.519844 
	C284.994293,110.048141 271.991547,102.631798 257.765015,97.256264 
	C254.855164,96.156769 254.489761,94.514481 255.421936,91.835602 
	C256.779388,87.934502 258.609344,84.192276 258.870605,79.914536 
	C259.034576,77.229988 260.957397,77.441017 262.924835,78.326935 
	C276.290771,84.345413 289.187988,91.095703 300.999176,99.944550 
	C315.144714,110.542328 326.557129,123.473831 336.912476,137.714752 
	C347.341309,152.056824 354.005524,167.869080 359.575165,184.525848 
	C365.500427,202.246231 367.291412,220.356110 366.194916,238.681778 
	C364.545898,266.241882 357.619629,292.315887 342.271454,315.843475 
	C334.299835,328.063354 325.406799,339.388519 314.617737,349.132080 
	C299.143036,363.107269 281.450928,373.448730 261.862610,380.682861 
	C237.239487,389.776337 211.808685,391.733795 186.200729,387.851654 
	C157.783112,383.543549 132.160828,372.186615 109.855949,353.573151 
	C87.322464,334.768921 71.364319,311.399353 61.053539,284.201477 
	C55.980461,270.819641 53.666206,256.688385 52.526062,242.329605 
	C50.811493,220.736694 53.966206,199.838928 61.036655,179.595703 
	C65.178848,167.736282 69.737862,155.850159 78.589737,146.032059 
	C78.976807,145.969833 79.115387,146.089355 79.115387,146.089355 
z"
    />

    <!-- Swirl -->
    <path
        transform="translate(134,18) scale(.38) translate(-55,-55)"
        class="swirl"
        fill="currentColor"
        opacity="1.0"
        stroke="none"
        d="
M243.626282,93.248177 
	C239.995148,94.824104 239.200592,92.235489 238.708496,90.035919 
	C237.814758,86.041092 235.392456,84.429924 231.537277,83.662407 
	C226.847702,82.728767 222.291412,81.125534 217.139969,79.658936 
	C214.150681,89.212997 214.462509,99.153961 211.797302,108.746834 
	C206.907455,108.986488 204.449051,106.792542 203.767151,102.082809 
	C202.506119,93.372902 200.966858,84.702301 199.781738,75.982948 
	C199.419708,73.319382 198.292465,71.722130 195.885727,70.778160 
	C191.394974,69.016785 186.935013,67.177010 182.449631,65.401741 
	C177.998016,63.639824 174.294464,60.854900 171.515930,56.995121 
	C168.876129,53.328064 170.191696,49.842079 174.521347,48.519855 
	C179.056152,47.134987 183.440628,48.081497 187.710709,49.625446 
	C191.930099,51.151054 196.164413,52.692871 200.221848,54.591534 
	C203.741577,56.238586 206.425995,55.587563 209.303223,53.148693 
	C215.520660,47.878544 222.156967,43.089100 228.217697,37.652401 
	C232.141479,34.132626 235.186844,35.230091 239.210632,38.284519 
	C233.843826,46.384075 228.564972,54.350895 223.007202,62.738651 
	C229.147797,66.056175 234.731628,69.224884 240.467285,72.089607 
	C242.488663,73.099197 244.174240,71.130043 245.951218,70.368965 
	C247.771927,69.589165 249.676910,68.150330 251.362869,70.204391 
	C253.032455,72.238510 250.557083,73.337563 249.915634,74.884003 
	C247.482620,80.749619 244.184875,86.339615 243.626282,93.248177 
z"
    />
</svg>
